99
7180 32097 83
10324 21403 75
6676 15397 82
13212 23889 27
21796 22171 73
1599 3144 5
14106 26633 41
1331 24229 12
13834 14731 60
8472 26521 52
19786 26126 19
12006 21887 78
2473 6434 78
16811 17707 37
5209 22378 17
19015 22258 63
5213 9888 34
397 27697 48
8361 20572 54
2952 32530 83
648 4300 45
5435 19779 63
1500 21541 20
26987 28854 79
16174 24222 48
13148 18558 40
6074 10788 24
4558 28172 58
25200 32141 15
3403 27618 23
10530 13428 83
11283 12507 3
4949 28685 52
849 26505 68
16282 22879 75
13607 24229 26
4649 12025 61
18365 27755 59
20395 29578 17
18979 27567 68
6505 22510 74
23922 28992 78
7025 14195 81
30414 32674 54
12331 21933 14
430 13726 77
25602 25992 74
7956 27843 31
2602 11858 50
1358 26398 20
16674 32130 47
92 25792 13
14545 31769 37
2698 23429 51
6872 32604 64
26783 30019 69
4574 29691 3
2468 25986 47
7281 27210 45
19272 19512 5
5144 31173 36
22339 28986 69
1749 7162 28
1572 6537 19
25603 28587 55
2115 29913 12
3086 28174 66
12191 23813 72
9506 17612 56
2208 18331 10
8152 11798 31
6986 7042 15
6320 8644 43
15783 28407 38
4695 8927 60
2629 11680 8
4954 27062 40
12600 19535 75
11377 28584 7
6416 16026 36
3251 5415 36
23148 32427 18
18802 24958 63
7517 28832 44
10685 19763 32
7212 18443 31
14607 25541 40
6616 10419 3
21458 32247 31
1885 20648 5
9713 26551 65
5080 24097 57
14021 19758 52
4349 32699 46
3012 15318 43
26055 31426 48
10236 15205 32
14721 21635 29
14348 24616 25
